[history/.dummy_history]
version = 9.1.2
modtime = 1714860827.885241000

[ui-prefs/models]
version = 9.1.2
modtime = 1715666519.890261000

[ui-tour/adddata-tour%3Aenterprise]
version = 9.1.2
modtime = 1715379689.990015000

[experiments/1db68303aecd4bbb87f75417749dcaba]
version = 9.1.2
modtime = 1715796791.718335000
