[history/.dummy_history]
version = 9.1.2
modtime = 1716865305.024786000

[experiments/af28b737dfa24888a66c15d93652d10e]
version = 9.1.2
modtime = 1717097532.701237000

[lookups/__mlspl__exp_draft_af28b737dfa24888a66c15d93652d10e.mlmodel]
version = 9.1.2
modtime = 1717097456.026803000

[lookups/__mlspl__exp_af28b737dfa24888a66c15d93652d10e.mlmodel]
version = 9.1.2
modtime = 1716931938.702269000
