[experiments/f9d705c1055042e69048c1096b10fee8]
version = 9.1.2
modtime = 1716346038.755067000

[history/.dummy_history]
version = 9.1.2
modtime = 1716346128.303326000
