[history/.dummy_history]
version = 9.1.2
modtime = 1714860827.885241000

[experiments/920bf2a9d0774c08a712d680d7ebb630]
version = 9.1.2
modtime = 1715378252.201670000
