[history/.dummy_history]
version = 9.1.2
modtime = 1716409255.352600000

[lookups/__mlspl_example_soda_disk_failure.mlmodel]
version = 9.1.2
modtime = 1716411548.670311000

[ui-prefs/models]
version = 9.1.2
modtime = 1716495142.150049000

[experiments/b25951854a1f40159576a5b0bb625786]
version = 9.1.2
modtime = 1716495187.956869000
