[history/.dummy_history]
version = 9.1.2
modtime = 1717114430.182014000

[ui-tour/dark-tour]
version = 9.1.2
modtime = 1717114433.714432000
