[history/.dummy_history]
version = 9.1.2
modtime = 1716390228.603146000

[ui-tour/search-tour]
version = 9.1.2
modtime = 1716390231.498699000

[ui-tour/dark-tour]
version = 9.1.2
modtime = 1716390233.859556000
