[history/.dummy_history]
version = 9.1.2
modtime = 1716823254.263954000

[ui-tour/search-tour]
version = 9.1.2
modtime = 1716823258.385046000

[ui-tour/dark-tour]
version = 9.1.2
modtime = 1716823261.152222000
