[history/.dummy_history]
version = 9.1.2
modtime = 1716228766.375142000

[ui-tour/search-tour]
version = 9.1.2
modtime = 1716231087.633840000

[ui-tour/dark-tour]
version = 9.1.2
modtime = 1716231089.833094000

[ui-tour/dashboards-tour%3Aenterprise]
version = 9.1.2
modtime = 1716250539.581548000
