[history/.dummy_history]
version = 9.1.2
modtime = 1716323918.014610000

[ui-tour/search-tour]
version = 9.1.2
modtime = 1716323922.397448000

[ui-tour/dark-tour]
version = 9.1.2
modtime = 1716323924.377497000

[ui-tour/dashboards-tour%3Aenterprise]
version = 9.1.2
modtime = 1716323930.748148000
