[history/.dummy_history]
version = 9.1.2
modtime = 1717178081.194209000

[ui-tour/dark-tour]
version = 9.1.2
modtime = 1717178084.002755000
