[history/.dummy_history]
version = 9.1.2
modtime = 1716041735.786046000

[ui-tour/search-tour]
version = 9.1.2
modtime = 1716080980.166292000

[ui-tour/dark-tour]
version = 9.1.2
modtime = 1716080982.806028000
